0.900000	6.636119
0.901000	6.498622
0.902000	6.363423
0.903000	6.230485
0.904000	6.099771
0.905000	5.971244
0.906000	5.844867
0.907000	5.720606
0.908000	5.598425
0.909000	5.478291
0.910000	5.360169
0.911000	5.244026
0.912000	5.129831
0.913000	5.017550
0.914000	4.907154
0.915000	4.798609
0.916000	4.691887
0.917000	4.586958
0.918000	4.483791
0.919000	4.382359
0.920000	4.282632
0.921000	4.184584
0.922000	4.088186
0.923000	3.993411
0.924000	3.900233
0.925000	3.808626
0.926000	3.718564
0.927000	3.630023
0.928000	3.542976
0.929000	3.457401
0.930000	3.373272
0.931000	3.290567
0.932000	3.209262
0.933000	3.129334
0.934000	3.050762
0.935000	2.973522
0.936000	2.897594
0.937000	2.822955
0.938000	2.749586
0.939000	2.677465
0.940000	2.606573
0.941000	2.536888
0.942000	2.468393
0.943000	2.401067
0.944000	2.334891
0.945000	2.269847
0.946000	2.205917
0.947000	2.143082
0.948000	2.081325
0.949000	2.020628
0.950000	1.960975
0.951000	1.902347
0.952000	1.844730
0.953000	1.788106
0.954000	1.732459
0.955000	1.677774
0.956000	1.624035
0.957000	1.571227
0.958000	1.519335
0.959000	1.468344
0.960000	1.418239
0.961000	1.369006
0.962000	1.320632
0.963000	1.273102
0.964000	1.226402
0.965000	1.180520
0.966000	1.135442
0.967000	1.091155
0.968000	1.047647
0.969000	1.004905
0.970000	0.962916
0.971000	0.921669
0.972000	0.881151
0.973000	0.841351
0.974000	0.802258
0.975000	0.763859
0.976000	0.726144
0.977000	0.689102
0.978000	0.652722
0.979000	0.616993
0.980000	0.581905
0.981000	0.547447
0.982000	0.513610
0.983000	0.480383
0.984000	0.447757
0.985000	0.415722
0.986000	0.384268
0.987000	0.353387
0.988000	0.323068
0.989000	0.293303
0.990000	0.264083
0.991000	0.235400
0.992000	0.207244
0.993000	0.179607
0.994000	0.152481
0.995000	0.125857
0.996000	0.099728
0.997000	0.074086
0.998000	0.048922
0.999000	0.024229
1.000000	0.000000
1.001000	-0.023773
1.002000	-0.047098
1.003000	-0.069981
1.004000	-0.092430
1.005000	-0.114451
1.006000	-0.136052
1.007000	-0.157239
1.008000	-0.178019
1.009000	-0.198399
1.010000	-0.218384
1.011000	-0.237982
1.012000	-0.257198
1.013000	-0.276039
1.014000	-0.294511
1.015000	-0.312619
1.016000	-0.330370
1.017000	-0.347769
1.018000	-0.364822
1.019000	-0.381535
1.020000	-0.397913
1.021000	-0.413961
1.022000	-0.429685
1.023000	-0.445090
1.024000	-0.460181
1.025000	-0.474964
1.026000	-0.489443
1.027000	-0.503623
1.028000	-0.517509
1.029000	-0.531105
1.030000	-0.544418
1.031000	-0.557450
1.032000	-0.570207
1.033000	-0.582693
1.034000	-0.594912
1.035000	-0.606869
1.036000	-0.618569
1.037000	-0.630014
1.038000	-0.641210
1.039000	-0.652161
1.040000	-0.662870
1.041000	-0.673341
1.042000	-0.683579
1.043000	-0.693587
1.044000	-0.703368
1.045000	-0.712927
1.046000	-0.722268
1.047000	-0.731393
1.048000	-0.740306
1.049000	-0.749012
1.050000	-0.757512
1.051000	-0.765811
1.052000	-0.773912
1.053000	-0.781817
1.054000	-0.789532
1.055000	-0.797057
1.056000	-0.804397
1.057000	-0.811555
1.058000	-0.818534
1.059000	-0.825336
1.060000	-0.831965
1.061000	-0.838423
1.062000	-0.844713
1.063000	-0.850838
1.064000	-0.856802
1.065000	-0.862605
1.066000	-0.868252
1.067000	-0.873744
1.068000	-0.879085
1.069000	-0.884276
1.070000	-0.889321
1.071000	-0.894222
1.072000	-0.898980
1.073000	-0.903600
1.074000	-0.908082
1.075000	-0.912430
1.076000	-0.916645
1.077000	-0.920729
1.078000	-0.924686
1.079000	-0.928517
1.080000	-0.932223
1.081000	-0.935809
1.082000	-0.939274
1.083000	-0.942622
1.084000	-0.945855
1.085000	-0.948974
1.086000	-0.951981
1.087000	-0.954878
1.088000	-0.957668
1.089000	-0.960351
1.090000	-0.962930
1.091000	-0.965407
1.092000	-0.967783
1.093000	-0.970061
1.094000	-0.972241
1.095000	-0.974325
1.096000	-0.976316
1.097000	-0.978214
1.098000	-0.980022
1.099000	-0.981741
1.100000	-0.983372
1.101000	-0.984918
1.102000	-0.986379
1.103000	-0.987757
1.104000	-0.989053
1.105000	-0.990270
1.106000	-0.991408
1.107000	-0.992468
1.108000	-0.993453
1.109000	-0.994363
1.110000	-0.995200
1.111000	-0.995965
1.112000	-0.996660
1.113000	-0.997285
1.114000	-0.997842
1.115000	-0.998333
1.116000	-0.998758
1.117000	-0.999118
1.118000	-0.999415
1.119000	-0.999650
1.120000	-0.999824
1.121000	-0.999938
1.122000	-0.999994
1.123000	-0.999992
1.124000	-0.999933
1.125000	-0.999819
1.126000	-0.999650
1.127000	-0.999428
1.128000	-0.999153
1.129000	-0.998827
1.130000	-0.998451
1.131000	-0.998024
1.132000	-0.997550
1.133000	-0.997027
1.134000	-0.996458
1.135000	-0.995843
1.136000	-0.995183
1.137000	-0.994479
1.138000	-0.993731
1.139000	-0.992941
1.140000	-0.992110
1.141000	-0.991238
1.142000	-0.990325
1.143000	-0.989374
1.144000	-0.988384
1.145000	-0.987357
1.146000	-0.986293
1.147000	-0.985192
1.148000	-0.984057
1.149000	-0.982886
1.150000	-0.981682
1.151000	-0.980444
1.152000	-0.979174
1.153000	-0.977872
1.154000	-0.976538
1.155000	-0.975174
1.156000	-0.973780
1.157000	-0.972357
1.158000	-0.970905
1.159000	-0.969425
1.160000	-0.967918
1.161000	-0.966383
1.162000	-0.964823
1.163000	-0.963236
1.164000	-0.961625
1.165000	-0.959989
1.166000	-0.958328
1.167000	-0.956645
1.168000	-0.954938
1.169000	-0.953209
1.170000	-0.951458
1.171000	-0.949685
1.172000	-0.947892
1.173000	-0.946078
1.174000	-0.944244
1.175000	-0.942391
1.176000	-0.940519
1.177000	-0.938628
1.178000	-0.936719
1.179000	-0.934792
1.180000	-0.932848
1.181000	-0.930887
1.182000	-0.928910
1.183000	-0.926917
1.184000	-0.924909
1.185000	-0.922885
1.186000	-0.920846
1.187000	-0.918793
1.188000	-0.916727
1.189000	-0.914646
1.190000	-0.912552
1.191000	-0.910446
1.192000	-0.908327
1.193000	-0.906196
1.194000	-0.904053
1.195000	-0.901898
1.196000	-0.899732
1.197000	-0.897556
1.198000	-0.895369
1.199000	-0.893172
1.200000	-0.890965
1.201000	-0.888749
1.202000	-0.886523
1.203000	-0.884289
1.204000	-0.882045
1.205000	-0.879794
1.206000	-0.877534
1.207000	-0.875267
1.208000	-0.872992
1.209000	-0.870710
1.210000	-0.868421
1.211000	-0.866125
1.212000	-0.863823
1.213000	-0.861514
1.214000	-0.859200
1.215000	-0.856880
1.216000	-0.854554
1.217000	-0.852223
1.218000	-0.849888
1.219000	-0.847547
1.220000	-0.845202
1.221000	-0.842852
1.222000	-0.840499
1.223000	-0.838141
1.224000	-0.835780
1.225000	-0.833416
1.226000	-0.831048
1.227000	-0.828677
1.228000	-0.826303
1.229000	-0.823926
1.230000	-0.821547
1.231000	-0.819165
1.232000	-0.816782
1.233000	-0.814396
1.234000	-0.812009
1.235000	-0.809620
1.236000	-0.807229
1.237000	-0.804838
1.238000	-0.802445
1.239000	-0.800051
1.240000	-0.797656
1.241000	-0.795261
1.242000	-0.792865
1.243000	-0.790469
1.244000	-0.788073
1.245000	-0.785676
1.246000	-0.783280
1.247000	-0.780884
1.248000	-0.778488
1.249000	-0.776093
1.250000	-0.773698
1.251000	-0.771304
1.252000	-0.768911
1.253000	-0.766519
1.254000	-0.764128
1.255000	-0.761738
1.256000	-0.759350
1.257000	-0.756963
1.258000	-0.754578
1.259000	-0.752194
1.260000	-0.749812
1.261000	-0.747432
1.262000	-0.745054
1.263000	-0.742678
1.264000	-0.740304
1.265000	-0.737933
1.266000	-0.735564
1.267000	-0.733198
1.268000	-0.730834
1.269000	-0.728473
1.270000	-0.726114
1.271000	-0.723758
1.272000	-0.721406
1.273000	-0.719056
1.274000	-0.716710
1.275000	-0.714366
1.276000	-0.712026
1.277000	-0.709689
1.278000	-0.707356
1.279000	-0.705026
1.280000	-0.702700
1.281000	-0.700377
1.282000	-0.698058
1.283000	-0.695743
1.284000	-0.693431
1.285000	-0.691124
1.286000	-0.688820
1.287000	-0.686520
1.288000	-0.684225
1.289000	-0.681933
1.290000	-0.679646
1.291000	-0.677363
1.292000	-0.675085
1.293000	-0.672810
1.294000	-0.670541
1.295000	-0.668275
1.296000	-0.666014
1.297000	-0.663758
1.298000	-0.661506
1.299000	-0.659259
1.300000	-0.657017
1.301000	-0.654779
1.302000	-0.652547
1.303000	-0.650319
1.304000	-0.648095
1.305000	-0.645877
1.306000	-0.643664
1.307000	-0.641456
1.308000	-0.639253
1.309000	-0.637054
1.310000	-0.634861
1.311000	-0.632673
1.312000	-0.630491
1.313000	-0.628313
1.314000	-0.626141
1.315000	-0.623974
1.316000	-0.621812
1.317000	-0.619656
1.318000	-0.617504
1.319000	-0.615359
1.320000	-0.613218
1.321000	-0.611084
1.322000	-0.608954
1.323000	-0.606830
1.324000	-0.604712
1.325000	-0.602599
1.326000	-0.600491
1.327000	-0.598390
1.328000	-0.596293
1.329000	-0.594203
1.330000	-0.592118
1.331000	-0.590038
1.332000	-0.587965
1.333000	-0.585897
1.334000	-0.583834
1.335000	-0.581778
1.336000	-0.579727
1.337000	-0.577682
1.338000	-0.575642
1.339000	-0.573609
1.340000	-0.571581
1.341000	-0.569559
1.342000	-0.567543
1.343000	-0.565532
1.344000	-0.563528
1.345000	-0.561529
1.346000	-0.559536
1.347000	-0.557549
1.348000	-0.555568
1.349000	-0.553592
1.350000	-0.551623
1.351000	-0.549659
1.352000	-0.547702
1.353000	-0.545750
1.354000	-0.543804
1.355000	-0.541864
1.356000	-0.539930
1.357000	-0.538002
1.358000	-0.536080
1.359000	-0.534163
1.360000	-0.532253
1.361000	-0.530349
1.362000	-0.528450
1.363000	-0.526557
1.364000	-0.524671
1.365000	-0.522790
1.366000	-0.520915
1.367000	-0.519046
1.368000	-0.517184
1.369000	-0.515327
1.370000	-0.513475
1.371000	-0.511630
1.372000	-0.509791
1.373000	-0.507958
1.374000	-0.506131
1.375000	-0.504309
1.376000	-0.502494
1.377000	-0.500684
1.378000	-0.498881
1.379000	-0.497083
1.380000	-0.495291
1.381000	-0.493505
1.382000	-0.491725
1.383000	-0.489951
1.384000	-0.488183
1.385000	-0.486420
1.386000	-0.484664
1.387000	-0.482913
1.388000	-0.481169
1.389000	-0.479430
1.390000	-0.477697
1.391000	-0.475970
1.392000	-0.474248
1.393000	-0.472533
1.394000	-0.470823
1.395000	-0.469119
1.396000	-0.467421
1.397000	-0.465729
1.398000	-0.464042
1.399000	-0.462362
1.400000	-0.460687
1.401000	-0.459018
1.402000	-0.457354
1.403000	-0.455697
1.404000	-0.454045
1.405000	-0.452399
1.406000	-0.450758
1.407000	-0.449124
1.408000	-0.447495
1.409000	-0.445871
1.410000	-0.444254
1.411000	-0.442642
1.412000	-0.441036
1.413000	-0.439435
1.414000	-0.437840
1.415000	-0.436251
1.416000	-0.434667
1.417000	-0.433089
1.418000	-0.431516
1.419000	-0.429949
1.420000	-0.428388
1.421000	-0.426832
1.422000	-0.425281
1.423000	-0.423737
1.424000	-0.422197
1.425000	-0.420664
1.426000	-0.419135
1.427000	-0.417613
1.428000	-0.416095
1.429000	-0.414584
1.430000	-0.413077
1.431000	-0.411576
1.432000	-0.410081
1.433000	-0.408591
1.434000	-0.407106
1.435000	-0.405627
1.436000	-0.404153
1.437000	-0.402684
1.438000	-0.401221
1.439000	-0.399763
1.440000	-0.398310
1.441000	-0.396863
1.442000	-0.395421
1.443000	-0.393984
1.444000	-0.392553
1.445000	-0.391126
1.446000	-0.389705
1.447000	-0.388289
1.448000	-0.386879
1.449000	-0.385473
1.450000	-0.384073
1.451000	-0.382678
1.452000	-0.381288
1.453000	-0.379903
1.454000	-0.378524
1.455000	-0.377149
1.456000	-0.375780
1.457000	-0.374415
1.458000	-0.373056
1.459000	-0.371702
1.460000	-0.370352
1.461000	-0.369008
1.462000	-0.367669
1.463000	-0.366335
1.464000	-0.365005
1.465000	-0.363681
1.466000	-0.362362
1.467000	-0.361047
1.468000	-0.359738
1.469000	-0.358433
1.470000	-0.357133
1.471000	-0.355838
1.472000	-0.354548
1.473000	-0.353263
1.474000	-0.351983
1.475000	-0.350707
1.476000	-0.349436
1.477000	-0.348170
1.478000	-0.346909
1.479000	-0.345653
1.480000	-0.344401
1.481000	-0.343154
1.482000	-0.341911
1.483000	-0.340674
1.484000	-0.339441
1.485000	-0.338212
1.486000	-0.336989
1.487000	-0.335770
1.488000	-0.334555
1.489000	-0.333346
1.490000	-0.332140
1.491000	-0.330940
1.492000	-0.329743
1.493000	-0.328552
1.494000	-0.327365
1.495000	-0.326182
1.496000	-0.325004
1.497000	-0.323831
1.498000	-0.322662
1.499000	-0.321497
1.500000	-0.320337
1.501000	-0.319181
1.502000	-0.318029
1.503000	-0.316882
1.504000	-0.315740
1.505000	-0.314601
1.506000	-0.313467
1.507000	-0.312338
1.508000	-0.311212
1.509000	-0.310091
1.510000	-0.308975
1.511000	-0.307862
1.512000	-0.306754
1.513000	-0.305650
1.514000	-0.304550
1.515000	-0.303455
1.516000	-0.302363
1.517000	-0.301276
1.518000	-0.300193
1.519000	-0.299114
1.520000	-0.298040
1.521000	-0.296969
1.522000	-0.295903
1.523000	-0.294840
1.524000	-0.293782
1.525000	-0.292728
1.526000	-0.291677
1.527000	-0.290631
1.528000	-0.289589
1.529000	-0.288551
1.530000	-0.287517
1.531000	-0.286486
1.532000	-0.285460
1.533000	-0.284438
1.534000	-0.283419
1.535000	-0.282405
1.536000	-0.281394
1.537000	-0.280388
1.538000	-0.279385
1.539000	-0.278386
1.540000	-0.277391
1.541000	-0.276400
1.542000	-0.275412
1.543000	-0.274429
1.544000	-0.273449
1.545000	-0.272473
1.546000	-0.271501
1.547000	-0.270532
1.548000	-0.269567
1.549000	-0.268606
1.550000	-0.267649
1.551000	-0.266695
1.552000	-0.265745
1.553000	-0.264799
1.554000	-0.263856
1.555000	-0.262917
1.556000	-0.261981
1.557000	-0.261050
1.558000	-0.260121
1.559000	-0.259197
1.560000	-0.258276
1.561000	-0.257358
1.562000	-0.256444
1.563000	-0.255534
1.564000	-0.254627
1.565000	-0.253723
1.566000	-0.252823
1.567000	-0.251927
1.568000	-0.251034
1.569000	-0.250144
1.570000	-0.249258
1.571000	-0.248375
1.572000	-0.247496
1.573000	-0.246620
1.574000	-0.245748
1.575000	-0.244879
1.576000	-0.244013
1.577000	-0.243150
1.578000	-0.242291
1.579000	-0.241435
1.580000	-0.240583
1.581000	-0.239734
1.582000	-0.238888
1.583000	-0.238045
1.584000	-0.237206
1.585000	-0.236369
1.586000	-0.235537
1.587000	-0.234707
1.588000	-0.233880
1.589000	-0.233057
1.590000	-0.232237
1.591000	-0.231420
1.592000	-0.230606
1.593000	-0.229795
1.594000	-0.228988
1.595000	-0.228183
1.596000	-0.227382
1.597000	-0.226584
1.598000	-0.225789
1.599000	-0.224997
1.600000	-0.224208
1.601000	-0.223422
1.602000	-0.222639
1.603000	-0.221859
1.604000	-0.221082
1.605000	-0.220308
1.606000	-0.219537
1.607000	-0.218769
1.608000	-0.218004
1.609000	-0.217242
1.610000	-0.216483
1.611000	-0.215727
1.612000	-0.214974
1.613000	-0.214223
1.614000	-0.213476
1.615000	-0.212731
1.616000	-0.211990
1.617000	-0.211251
1.618000	-0.210515
1.619000	-0.209782
1.620000	-0.209051
1.621000	-0.208324
1.622000	-0.207599
1.623000	-0.206877
1.624000	-0.206158
1.625000	-0.205442
1.626000	-0.204728
1.627000	-0.204017
1.628000	-0.203309
1.629000	-0.202604
1.630000	-0.201901
1.631000	-0.201201
1.632000	-0.200504
1.633000	-0.199809
1.634000	-0.199117
1.635000	-0.198428
1.636000	-0.197741
1.637000	-0.197057
1.638000	-0.196376
1.639000	-0.195697
1.640000	-0.195021
1.641000	-0.194347
1.642000	-0.193677
1.643000	-0.193008
1.644000	-0.192342
1.645000	-0.191679
1.646000	-0.191018
1.647000	-0.190360
1.648000	-0.189705
1.649000	-0.189051
1.650000	-0.188401
1.651000	-0.187753
1.652000	-0.187107
1.653000	-0.186464
1.654000	-0.185823
1.655000	-0.185185
1.656000	-0.184549
1.657000	-0.183916
1.658000	-0.183285
1.659000	-0.182656
1.660000	-0.182030
1.661000	-0.181406
1.662000	-0.180785
1.663000	-0.180166
1.664000	-0.179550
1.665000	-0.178935
1.666000	-0.178323
1.667000	-0.177714
1.668000	-0.177107
1.669000	-0.176502
1.670000	-0.175899
1.671000	-0.175299
1.672000	-0.174701
1.673000	-0.174105
1.674000	-0.173512
1.675000	-0.172921
1.676000	-0.172332
1.677000	-0.171745
1.678000	-0.171161
1.679000	-0.170578
1.680000	-0.169998
1.681000	-0.169421
1.682000	-0.168845
1.683000	-0.168272
1.684000	-0.167701
1.685000	-0.167132
1.686000	-0.166565
1.687000	-0.166000
1.688000	-0.165437
1.689000	-0.164877
1.690000	-0.164319
1.691000	-0.163763
1.692000	-0.163209
1.693000	-0.162657
1.694000	-0.162107
1.695000	-0.161559
1.696000	-0.161013
1.697000	-0.160470
1.698000	-0.159928
1.699000	-0.159389
1.700000	-0.158851
1.701000	-0.158316
1.702000	-0.157782
1.703000	-0.157251
1.704000	-0.156722
1.705000	-0.156194
1.706000	-0.155669
1.707000	-0.155146
1.708000	-0.154624
1.709000	-0.154105
1.710000	-0.153588
1.711000	-0.153072
1.712000	-0.152559
1.713000	-0.152047
1.714000	-0.151537
1.715000	-0.151030
1.716000	-0.150524
1.717000	-0.150020
1.718000	-0.149518
1.719000	-0.149018
1.720000	-0.148520
1.721000	-0.148023
1.722000	-0.147529
1.723000	-0.147036
1.724000	-0.146545
1.725000	-0.146057
1.726000	-0.145569
1.727000	-0.145084
1.728000	-0.144601
1.729000	-0.144119
1.730000	-0.143639
1.731000	-0.143161
1.732000	-0.142685
1.733000	-0.142211
1.734000	-0.141738
1.735000	-0.141268
1.736000	-0.140798
1.737000	-0.140331
1.738000	-0.139866
1.739000	-0.139402
1.740000	-0.138940
1.741000	-0.138479
1.742000	-0.138021
1.743000	-0.137564
1.744000	-0.137109
1.745000	-0.136655
1.746000	-0.136204
1.747000	-0.135753
1.748000	-0.135305
1.749000	-0.134858
1.750000	-0.134413
1.751000	-0.133970
1.752000	-0.133528
1.753000	-0.133088
1.754000	-0.132650
1.755000	-0.132213
1.756000	-0.131778
1.757000	-0.131344
1.758000	-0.130912
1.759000	-0.130482
1.760000	-0.130053
1.761000	-0.129626
1.762000	-0.129200
1.763000	-0.128776
1.764000	-0.128354
1.765000	-0.127933
1.766000	-0.127514
1.767000	-0.127096
1.768000	-0.126680
1.769000	-0.126266
1.770000	-0.125853
1.771000	-0.125441
1.772000	-0.125031
1.773000	-0.124623
1.774000	-0.124216
1.775000	-0.123810
1.776000	-0.123406
1.777000	-0.123004
1.778000	-0.122603
1.779000	-0.122203
1.780000	-0.121805
1.781000	-0.121409
1.782000	-0.121014
1.783000	-0.120620
1.784000	-0.120228
1.785000	-0.119837
1.786000	-0.119448
1.787000	-0.119060
1.788000	-0.118674
1.789000	-0.118289
1.790000	-0.117906
1.791000	-0.117523
1.792000	-0.117143
1.793000	-0.116763
1.794000	-0.116385
1.795000	-0.116009
1.796000	-0.115634
1.797000	-0.115260
1.798000	-0.114888
1.799000	-0.114517
1.800000	-0.114147
1.801000	-0.113779
1.802000	-0.113412
1.803000	-0.113046
1.804000	-0.112682
1.805000	-0.112319
1.806000	-0.111958
1.807000	-0.111597
1.808000	-0.111238
1.809000	-0.110881
1.810000	-0.110524
1.811000	-0.110169
1.812000	-0.109816
1.813000	-0.109463
1.814000	-0.109112
1.815000	-0.108762
1.816000	-0.108414
1.817000	-0.108066
1.818000	-0.107720
1.819000	-0.107376
1.820000	-0.107032
1.821000	-0.106690
1.822000	-0.106349
1.823000	-0.106009
1.824000	-0.105671
1.825000	-0.105333
1.826000	-0.104997
1.827000	-0.104663
1.828000	-0.104329
1.829000	-0.103997
1.830000	-0.103665
1.831000	-0.103335
1.832000	-0.103007
1.833000	-0.102679
1.834000	-0.102353
1.835000	-0.102027
1.836000	-0.101703
1.837000	-0.101380
1.838000	-0.101059
1.839000	-0.100738
1.840000	-0.100419
1.841000	-0.100101
1.842000	-0.099784
1.843000	-0.099468
1.844000	-0.099153
1.845000	-0.098839
1.846000	-0.098527
1.847000	-0.098215
1.848000	-0.097905
1.849000	-0.097596
1.850000	-0.097288
1.851000	-0.096981
1.852000	-0.096675
1.853000	-0.096371
1.854000	-0.096067
1.855000	-0.095764
1.856000	-0.095463
1.857000	-0.095163
1.858000	-0.094863
1.859000	-0.094565
1.860000	-0.094268
1.861000	-0.093972
1.862000	-0.093677
1.863000	-0.093383
1.864000	-0.093090
1.865000	-0.092799
1.866000	-0.092508
1.867000	-0.092218
1.868000	-0.091929
1.869000	-0.091642
1.870000	-0.091355
1.871000	-0.091070
1.872000	-0.090785
1.873000	-0.090502
1.874000	-0.090219
1.875000	-0.089937
1.876000	-0.089657
1.877000	-0.089377
1.878000	-0.089099
1.879000	-0.088821
1.880000	-0.088545
1.881000	-0.088269
1.882000	-0.087995
1.883000	-0.087721
1.884000	-0.087449
1.885000	-0.087177
1.886000	-0.086906
1.887000	-0.086637
1.888000	-0.086368
1.889000	-0.086100
1.890000	-0.085833
1.891000	-0.085567
1.892000	-0.085302
1.893000	-0.085038
1.894000	-0.084775
1.895000	-0.084513
1.896000	-0.084252
1.897000	-0.083991
1.898000	-0.083732
1.899000	-0.083474
1.900000	-0.083216
1.901000	-0.082960
1.902000	-0.082704
1.903000	-0.082449
1.904000	-0.082195
1.905000	-0.081942
1.906000	-0.081690
1.907000	-0.081439
1.908000	-0.081188
1.909000	-0.080939
1.910000	-0.080690
1.911000	-0.080443
1.912000	-0.080196
1.913000	-0.079950
1.914000	-0.079705
1.915000	-0.079460
1.916000	-0.079217
1.917000	-0.078975
1.918000	-0.078733
1.919000	-0.078492
1.920000	-0.078252
1.921000	-0.078013
1.922000	-0.077775
1.923000	-0.077537
1.924000	-0.077301
1.925000	-0.077065
1.926000	-0.076830
1.927000	-0.076596
1.928000	-0.076362
1.929000	-0.076130
1.930000	-0.075898
1.931000	-0.075667
1.932000	-0.075437
1.933000	-0.075208
1.934000	-0.074979
1.935000	-0.074752
1.936000	-0.074525
1.937000	-0.074299
1.938000	-0.074073
1.939000	-0.073849
1.940000	-0.073625
1.941000	-0.073402
1.942000	-0.073180
1.943000	-0.072958
1.944000	-0.072738
1.945000	-0.072518
1.946000	-0.072299
1.947000	-0.072081
1.948000	-0.071863
1.949000	-0.071646
1.950000	-0.071430
1.951000	-0.071215
1.952000	-0.071000
1.953000	-0.070786
1.954000	-0.070573
1.955000	-0.070361
1.956000	-0.070149
1.957000	-0.069938
1.958000	-0.069728
1.959000	-0.069519
1.960000	-0.069310
1.961000	-0.069102
1.962000	-0.068895
1.963000	-0.068688
1.964000	-0.068482
1.965000	-0.068277
1.966000	-0.068073
1.967000	-0.067869
1.968000	-0.067666
1.969000	-0.067463
1.970000	-0.067262
1.971000	-0.067061
1.972000	-0.066861
1.973000	-0.066661
1.974000	-0.066462
1.975000	-0.066264
1.976000	-0.066066
1.977000	-0.065870
1.978000	-0.065673
1.979000	-0.065478
1.980000	-0.065283
1.981000	-0.065089
1.982000	-0.064895
1.983000	-0.064703
1.984000	-0.064510
1.985000	-0.064319
1.986000	-0.064128
1.987000	-0.063938
1.988000	-0.063748
1.989000	-0.063559
1.990000	-0.063371
1.991000	-0.063184
1.992000	-0.062997
1.993000	-0.062810
1.994000	-0.062624
1.995000	-0.062439
1.996000	-0.062255
1.997000	-0.062071
1.998000	-0.061888
1.999000	-0.061705
2.000000	-0.061523
2.001000	-0.061342
2.002000	-0.061161
2.003000	-0.060981
2.004000	-0.060802
2.005000	-0.060623
2.006000	-0.060445
2.007000	-0.060267
2.008000	-0.060090
2.009000	-0.059913
2.010000	-0.059738
2.011000	-0.059562
2.012000	-0.059388
2.013000	-0.059213
2.014000	-0.059040
2.015000	-0.058867
2.016000	-0.058695
2.017000	-0.058523
2.018000	-0.058352
2.019000	-0.058181
2.020000	-0.058011
2.021000	-0.057842
2.022000	-0.057673
2.023000	-0.057505
2.024000	-0.057337
2.025000	-0.057170
2.026000	-0.057003
2.027000	-0.056837
2.028000	-0.056671
2.029000	-0.056506
2.030000	-0.056342
2.031000	-0.056178
2.032000	-0.056015
2.033000	-0.055852
2.034000	-0.055690
2.035000	-0.055528
2.036000	-0.055367
2.037000	-0.055207
2.038000	-0.055047
2.039000	-0.054887
2.040000	-0.054728
2.041000	-0.054570
2.042000	-0.054412
2.043000	-0.054254
2.044000	-0.054098
2.045000	-0.053941
2.046000	-0.053785
2.047000	-0.053630
2.048000	-0.053475
2.049000	-0.053321
2.050000	-0.053167
2.051000	-0.053014
2.052000	-0.052861
2.053000	-0.052709
2.054000	-0.052558
2.055000	-0.052406
2.056000	-0.052256
2.057000	-0.052105
2.058000	-0.051956
2.059000	-0.051807
2.060000	-0.051658
2.061000	-0.051510
2.062000	-0.051362
2.063000	-0.051215
2.064000	-0.051068
2.065000	-0.050922
2.066000	-0.050776
2.067000	-0.050631
2.068000	-0.050486
2.069000	-0.050341
2.070000	-0.050198
2.071000	-0.050054
2.072000	-0.049911
2.073000	-0.049769
2.074000	-0.049627
2.075000	-0.049485
2.076000	-0.049344
2.077000	-0.049204
2.078000	-0.049064
2.079000	-0.048924
2.080000	-0.048785
2.081000	-0.048646
2.082000	-0.048508
2.083000	-0.048370
2.084000	-0.048232
2.085000	-0.048096
2.086000	-0.047959
2.087000	-0.047823
2.088000	-0.047687
2.089000	-0.047552
2.090000	-0.047418
2.091000	-0.047283
2.092000	-0.047150
2.093000	-0.047016
2.094000	-0.046883
2.095000	-0.046751
2.096000	-0.046619
2.097000	-0.046487
2.098000	-0.046356
2.099000	-0.046225
2.100000	-0.046095
2.101000	-0.045965
2.102000	-0.045835
2.103000	-0.045706
2.104000	-0.045577
2.105000	-0.045449
2.106000	-0.045321
2.107000	-0.045194
2.108000	-0.045067
2.109000	-0.044940
2.110000	-0.044814
2.111000	-0.044688
2.112000	-0.044563
2.113000	-0.044438
2.114000	-0.044314
2.115000	-0.044189
2.116000	-0.044066
2.117000	-0.043942
2.118000	-0.043819
2.119000	-0.043697
2.120000	-0.043575
2.121000	-0.043453
2.122000	-0.043332
2.123000	-0.043211
2.124000	-0.043090
2.125000	-0.042970
2.126000	-0.042850
2.127000	-0.042731
2.128000	-0.042612
2.129000	-0.042493
2.130000	-0.042375
2.131000	-0.042257
2.132000	-0.042139
2.133000	-0.042022
2.134000	-0.041905
2.135000	-0.041789
2.136000	-0.041673
2.137000	-0.041557
2.138000	-0.041442
2.139000	-0.041327
2.140000	-0.041213
2.141000	-0.041099
2.142000	-0.040985
2.143000	-0.040871
2.144000	-0.040758
2.145000	-0.040646
2.146000	-0.040533
2.147000	-0.040421
2.148000	-0.040310
2.149000	-0.040198
2.150000	-0.040088
2.151000	-0.039977
2.152000	-0.039867
2.153000	-0.039757
2.154000	-0.039647
2.155000	-0.039538
2.156000	-0.039430
2.157000	-0.039321
2.158000	-0.039213
2.159000	-0.039105
2.160000	-0.038998
2.161000	-0.038891
2.162000	-0.038784
2.163000	-0.038678
2.164000	-0.038572
2.165000	-0.038466
2.166000	-0.038360
2.167000	-0.038255
2.168000	-0.038151
2.169000	-0.038046
2.170000	-0.037942
2.171000	-0.037838
2.172000	-0.037735
2.173000	-0.037632
2.174000	-0.037529
2.175000	-0.037427
2.176000	-0.037325
2.177000	-0.037223
2.178000	-0.037121
2.179000	-0.037020
2.180000	-0.036920
2.181000	-0.036819
2.182000	-0.036719
2.183000	-0.036619
2.184000	-0.036519
2.185000	-0.036420
2.186000	-0.036321
2.187000	-0.036223
2.188000	-0.036124
2.189000	-0.036026
2.190000	-0.035929
2.191000	-0.035831
2.192000	-0.035734
2.193000	-0.035637
2.194000	-0.035541
2.195000	-0.035445
2.196000	-0.035349
2.197000	-0.035253
2.198000	-0.035158
2.199000	-0.035063
2.200000	-0.034968
2.201000	-0.034874
2.202000	-0.034780
2.203000	-0.034686
2.204000	-0.034593
2.205000	-0.034500
2.206000	-0.034407
2.207000	-0.034314
2.208000	-0.034222
2.209000	-0.034130
2.210000	-0.034038
2.211000	-0.033946
2.212000	-0.033855
2.213000	-0.033764
2.214000	-0.033674
2.215000	-0.033583
2.216000	-0.033493
2.217000	-0.033404
2.218000	-0.033314
2.219000	-0.033225
2.220000	-0.033136
2.221000	-0.033047
2.222000	-0.032959
2.223000	-0.032871
2.224000	-0.032783
2.225000	-0.032695
2.226000	-0.032608
2.227000	-0.032521
2.228000	-0.032434
2.229000	-0.032348
2.230000	-0.032262
2.231000	-0.032176
2.232000	-0.032090
2.233000	-0.032004
2.234000	-0.031919
2.235000	-0.031834
2.236000	-0.031750
2.237000	-0.031665
2.238000	-0.031581
2.239000	-0.031497
2.240000	-0.031414
2.241000	-0.031330
2.242000	-0.031247
2.243000	-0.031165
2.244000	-0.031082
2.245000	-0.031000
2.246000	-0.030918
2.247000	-0.030836
2.248000	-0.030754
2.249000	-0.030673
2.250000	-0.030592
2.251000	-0.030511
2.252000	-0.030430
2.253000	-0.030350
2.254000	-0.030270
2.255000	-0.030190
2.256000	-0.030111
2.257000	-0.030031
2.258000	-0.029952
2.259000	-0.029873
2.260000	-0.029795
2.261000	-0.029716
2.262000	-0.029638
2.263000	-0.029560
2.264000	-0.029483
2.265000	-0.029405
2.266000	-0.029328
2.267000	-0.029251
2.268000	-0.029174
2.269000	-0.029098
2.270000	-0.029021
2.271000	-0.028945
2.272000	-0.028870
2.273000	-0.028794
2.274000	-0.028719
2.275000	-0.028644
2.276000	-0.028569
2.277000	-0.028494
2.278000	-0.028420
2.279000	-0.028345
2.280000	-0.028271
2.281000	-0.028198
2.282000	-0.028124
2.283000	-0.028051
2.284000	-0.027978
2.285000	-0.027905
2.286000	-0.027832
2.287000	-0.027760
2.288000	-0.027688
2.289000	-0.027616
2.290000	-0.027544
2.291000	-0.027472
2.292000	-0.027401
2.293000	-0.027330
2.294000	-0.027259
2.295000	-0.027188
2.296000	-0.027118
2.297000	-0.027048
2.298000	-0.026977
2.299000	-0.026908
2.300000	-0.026838
2.301000	-0.026769
2.302000	-0.026699
2.303000	-0.026630
2.304000	-0.026561
2.305000	-0.026493
2.306000	-0.026424
2.307000	-0.026356
2.308000	-0.026288
2.309000	-0.026221
2.310000	-0.026153
2.311000	-0.026086
2.312000	-0.026018
2.313000	-0.025951
2.314000	-0.025885
2.315000	-0.025818
2.316000	-0.025752
2.317000	-0.025685
2.318000	-0.025620
2.319000	-0.025554
2.320000	-0.025488
2.321000	-0.025423
2.322000	-0.025358
2.323000	-0.025293
2.324000	-0.025228
2.325000	-0.025163
2.326000	-0.025099
2.327000	-0.025034
2.328000	-0.024970
2.329000	-0.024907
2.330000	-0.024843
2.331000	-0.024779
2.332000	-0.024716
2.333000	-0.024653
2.334000	-0.024590
2.335000	-0.024527
2.336000	-0.024465
2.337000	-0.024402
2.338000	-0.024340
2.339000	-0.024278
2.340000	-0.024216
2.341000	-0.024155
2.342000	-0.024093
2.343000	-0.024032
2.344000	-0.023971
2.345000	-0.023910
2.346000	-0.023849
2.347000	-0.023789
2.348000	-0.023729
2.349000	-0.023668
2.350000	-0.023608
2.351000	-0.023549
2.352000	-0.023489
2.353000	-0.023429
2.354000	-0.023370
2.355000	-0.023311
2.356000	-0.023252
2.357000	-0.023193
2.358000	-0.023135
2.359000	-0.023076
2.360000	-0.023018
2.361000	-0.022960
2.362000	-0.022902
2.363000	-0.022844
2.364000	-0.022787
2.365000	-0.022729
2.366000	-0.022672
2.367000	-0.022615
2.368000	-0.022558
2.369000	-0.022501
2.370000	-0.022445
2.371000	-0.022388
2.372000	-0.022332
2.373000	-0.022276
2.374000	-0.022220
2.375000	-0.022164
2.376000	-0.022109
2.377000	-0.022053
2.378000	-0.021998
2.379000	-0.021943
2.380000	-0.021888
2.381000	-0.021833
2.382000	-0.021778
2.383000	-0.021724
2.384000	-0.021670
2.385000	-0.021615
2.386000	-0.021561
2.387000	-0.021508
2.388000	-0.021454
2.389000	-0.021400
2.390000	-0.021347
2.391000	-0.021294
2.392000	-0.021241
2.393000	-0.021188
2.394000	-0.021135
2.395000	-0.021082
2.396000	-0.021030
2.397000	-0.020978
2.398000	-0.020925
2.399000	-0.020873
2.400000	-0.020822
2.401000	-0.020770
2.402000	-0.020718
2.403000	-0.020667
2.404000	-0.020616
2.405000	-0.020565
2.406000	-0.020514
2.407000	-0.020463
2.408000	-0.020412
2.409000	-0.020362
2.410000	-0.020311
2.411000	-0.020261
2.412000	-0.020211
2.413000	-0.020161
2.414000	-0.020111
2.415000	-0.020061
2.416000	-0.020012
2.417000	-0.019963
2.418000	-0.019913
2.419000	-0.019864
2.420000	-0.019815
2.421000	-0.019766
2.422000	-0.019718
2.423000	-0.019669
2.424000	-0.019621
2.425000	-0.019573
2.426000	-0.019524
2.427000	-0.019477
2.428000	-0.019429
2.429000	-0.019381
2.430000	-0.019333
2.431000	-0.019286
2.432000	-0.019239
2.433000	-0.019191
2.434000	-0.019144
2.435000	-0.019098
2.436000	-0.019051
2.437000	-0.019004
2.438000	-0.018958
2.439000	-0.018911
2.440000	-0.018865
2.441000	-0.018819
2.442000	-0.018773
2.443000	-0.018727
2.444000	-0.018681
2.445000	-0.018636
2.446000	-0.018590
2.447000	-0.018545
2.448000	-0.018500
2.449000	-0.018455
2.450000	-0.018410
2.451000	-0.018365
2.452000	-0.018320
2.453000	-0.018276
2.454000	-0.018231
2.455000	-0.018187
2.456000	-0.018143
2.457000	-0.018099
2.458000	-0.018055
2.459000	-0.018011
2.460000	-0.017967
2.461000	-0.017924
2.462000	-0.017880
2.463000	-0.017837
2.464000	-0.017794
2.465000	-0.017751
2.466000	-0.017708
2.467000	-0.017665
2.468000	-0.017622
2.469000	-0.017580
2.470000	-0.017537
2.471000	-0.017495
2.472000	-0.017453
2.473000	-0.017411
2.474000	-0.017369
2.475000	-0.017327
2.476000	-0.017285
2.477000	-0.017243
2.478000	-0.017202
2.479000	-0.017160
2.480000	-0.017119
2.481000	-0.017078
2.482000	-0.017037
2.483000	-0.016996
2.484000	-0.016955
2.485000	-0.016914
2.486000	-0.016874
2.487000	-0.016833
2.488000	-0.016793
2.489000	-0.016753
2.490000	-0.016712
2.491000	-0.016672
2.492000	-0.016632
2.493000	-0.016593
2.494000	-0.016553
2.495000	-0.016513
2.496000	-0.016474
2.497000	-0.016434
2.498000	-0.016395
2.499000	-0.016356
2.500000	-0.016317
2.501000	-0.016278
2.502000	-0.016239
2.503000	-0.016200
2.504000	-0.016162
2.505000	-0.016123
2.506000	-0.016085
2.507000	-0.016047
2.508000	-0.016008
2.509000	-0.015970
2.510000	-0.015932
2.511000	-0.015894
2.512000	-0.015857
2.513000	-0.015819
2.514000	-0.015781
2.515000	-0.015744
2.516000	-0.015707
2.517000	-0.015669
2.518000	-0.015632
2.519000	-0.015595
2.520000	-0.015558
2.521000	-0.015521
2.522000	-0.015485
2.523000	-0.015448
2.524000	-0.015411
2.525000	-0.015375
2.526000	-0.015339
2.527000	-0.015302
2.528000	-0.015266
2.529000	-0.015230
2.530000	-0.015194
2.531000	-0.015158
2.532000	-0.015123
2.533000	-0.015087
2.534000	-0.015051
2.535000	-0.015016
2.536000	-0.014981
2.537000	-0.014945
2.538000	-0.014910
2.539000	-0.014875
2.540000	-0.014840
2.541000	-0.014805
2.542000	-0.014770
2.543000	-0.014736
2.544000	-0.014701
2.545000	-0.014667
2.546000	-0.014632
2.547000	-0.014598
2.548000	-0.014564
2.549000	-0.014530
2.550000	-0.014496
2.551000	-0.014462
2.552000	-0.014428
2.553000	-0.014394
2.554000	-0.014360
2.555000	-0.014327
2.556000	-0.014293
2.557000	-0.014260
2.558000	-0.014227
2.559000	-0.014193
2.560000	-0.014160
2.561000	-0.014127
2.562000	-0.014094
2.563000	-0.014062
2.564000	-0.014029
2.565000	-0.013996
2.566000	-0.013964
2.567000	-0.013931
2.568000	-0.013899
2.569000	-0.013866
2.570000	-0.013834
2.571000	-0.013802
2.572000	-0.013770
2.573000	-0.013738
2.574000	-0.013706
2.575000	-0.013674
2.576000	-0.013643
2.577000	-0.013611
2.578000	-0.013579
2.579000	-0.013548
2.580000	-0.013517
2.581000	-0.013485
2.582000	-0.013454
2.583000	-0.013423
2.584000	-0.013392
2.585000	-0.013361
2.586000	-0.013330
2.587000	-0.013299
2.588000	-0.013269
2.589000	-0.013238
2.590000	-0.013207
2.591000	-0.013177
2.592000	-0.013147
2.593000	-0.013116
2.594000	-0.013086
2.595000	-0.013056
2.596000	-0.013026
2.597000	-0.012996
2.598000	-0.012966
2.599000	-0.012936
2.600000	-0.012907
2.601000	-0.012877
2.602000	-0.012847
2.603000	-0.012818
2.604000	-0.012788
2.605000	-0.012759
2.606000	-0.012730
2.607000	-0.012701
2.608000	-0.012672
2.609000	-0.012643
2.610000	-0.012614
2.611000	-0.012585
2.612000	-0.012556
2.613000	-0.012527
2.614000	-0.012499
2.615000	-0.012470
2.616000	-0.012442
2.617000	-0.012413
2.618000	-0.012385
2.619000	-0.012357
2.620000	-0.012328
2.621000	-0.012300
2.622000	-0.012272
2.623000	-0.012244
2.624000	-0.012216
2.625000	-0.012189
2.626000	-0.012161
2.627000	-0.012133
2.628000	-0.012106
2.629000	-0.012078
2.630000	-0.012051
2.631000	-0.012023
2.632000	-0.011996
2.633000	-0.011969
2.634000	-0.011942
2.635000	-0.011915
2.636000	-0.011888
2.637000	-0.011861
2.638000	-0.011834
2.639000	-0.011807
2.640000	-0.011780
2.641000	-0.011754
2.642000	-0.011727
2.643000	-0.011700
2.644000	-0.011674
2.645000	-0.011648
2.646000	-0.011621
2.647000	-0.011595
2.648000	-0.011569
2.649000	-0.011543
2.650000	-0.011517
2.651000	-0.011491
2.652000	-0.011465
2.653000	-0.011439
2.654000	-0.011413
2.655000	-0.011388
2.656000	-0.011362
2.657000	-0.011336
2.658000	-0.011311
2.659000	-0.011285
2.660000	-0.011260
2.661000	-0.011235
2.662000	-0.011210
2.663000	-0.011184
2.664000	-0.011159
2.665000	-0.011134
2.666000	-0.011109
2.667000	-0.011084
2.668000	-0.011060
2.669000	-0.011035
2.670000	-0.011010
2.671000	-0.010985
2.672000	-0.010961
2.673000	-0.010936
2.674000	-0.010912
2.675000	-0.010888
2.676000	-0.010863
2.677000	-0.010839
2.678000	-0.010815
2.679000	-0.010791
2.680000	-0.010767
2.681000	-0.010743
2.682000	-0.010719
2.683000	-0.010695
2.684000	-0.010671
2.685000	-0.010647
2.686000	-0.010623
2.687000	-0.010600
2.688000	-0.010576
2.689000	-0.010553
2.690000	-0.010529
2.691000	-0.010506
2.692000	-0.010483
2.693000	-0.010459
2.694000	-0.010436
2.695000	-0.010413
2.696000	-0.010390
2.697000	-0.010367
2.698000	-0.010344
2.699000	-0.010321
2.700000	-0.010298
2.701000	-0.010275
2.702000	-0.010253
2.703000	-0.010230
2.704000	-0.010207
2.705000	-0.010185
2.706000	-0.010162
2.707000	-0.010140
2.708000	-0.010117
2.709000	-0.010095
2.710000	-0.010073
2.711000	-0.010050
2.712000	-0.010028
2.713000	-0.010006
2.714000	-0.009984
2.715000	-0.009962
2.716000	-0.009940
2.717000	-0.009918
2.718000	-0.009897
2.719000	-0.009875
2.720000	-0.009853
2.721000	-0.009831
2.722000	-0.009810
2.723000	-0.009788
2.724000	-0.009767
2.725000	-0.009745
2.726000	-0.009724
2.727000	-0.009703
2.728000	-0.009681
2.729000	-0.009660
2.730000	-0.009639
2.731000	-0.009618
2.732000	-0.009597
2.733000	-0.009576
2.734000	-0.009555
2.735000	-0.009534
2.736000	-0.009513
2.737000	-0.009492
2.738000	-0.009472
2.739000	-0.009451
2.740000	-0.009430
2.741000	-0.009410
2.742000	-0.009389
2.743000	-0.009369
2.744000	-0.009348
2.745000	-0.009328
2.746000	-0.009308
2.747000	-0.009287
2.748000	-0.009267
2.749000	-0.009247
2.750000	-0.009227
2.751000	-0.009207
2.752000	-0.009187
2.753000	-0.009167
2.754000	-0.009147
2.755000	-0.009127
2.756000	-0.009107
2.757000	-0.009088
2.758000	-0.009068
2.759000	-0.009048
2.760000	-0.009029
2.761000	-0.009009
2.762000	-0.008990
2.763000	-0.008970
2.764000	-0.008951
2.765000	-0.008931
2.766000	-0.008912
2.767000	-0.008893
2.768000	-0.008874
2.769000	-0.008854
2.770000	-0.008835
2.771000	-0.008816
2.772000	-0.008797
2.773000	-0.008778
2.774000	-0.008759
2.775000	-0.008740
2.776000	-0.008722
2.777000	-0.008703
2.778000	-0.008684
2.779000	-0.008665
2.780000	-0.008647
2.781000	-0.008628
2.782000	-0.008610
2.783000	-0.008591
2.784000	-0.008573
2.785000	-0.008554
2.786000	-0.008536
2.787000	-0.008517
2.788000	-0.008499
2.789000	-0.008481
2.790000	-0.008463
2.791000	-0.008445
2.792000	-0.008427
2.793000	-0.008409
2.794000	-0.008390
2.795000	-0.008373
2.796000	-0.008355
2.797000	-0.008337
2.798000	-0.008319
2.799000	-0.008301
2.800000	-0.008283
2.801000	-0.008266
2.802000	-0.008248
2.803000	-0.008230
2.804000	-0.008213
2.805000	-0.008195
2.806000	-0.008178
2.807000	-0.008161
2.808000	-0.008143
2.809000	-0.008126
2.810000	-0.008108
2.811000	-0.008091
2.812000	-0.008074
2.813000	-0.008057
2.814000	-0.008040
2.815000	-0.008023
2.816000	-0.008006
2.817000	-0.007989
2.818000	-0.007972
2.819000	-0.007955
2.820000	-0.007938
2.821000	-0.007921
2.822000	-0.007904
2.823000	-0.007887
2.824000	-0.007871
2.825000	-0.007854
2.826000	-0.007837
2.827000	-0.007821
2.828000	-0.007804
2.829000	-0.007788
2.830000	-0.007771
2.831000	-0.007755
2.832000	-0.007739
2.833000	-0.007722
2.834000	-0.007706
2.835000	-0.007690
2.836000	-0.007673
2.837000	-0.007657
2.838000	-0.007641
2.839000	-0.007625
2.840000	-0.007609
2.841000	-0.007593
2.842000	-0.007577
2.843000	-0.007561
2.844000	-0.007545
2.845000	-0.007529
2.846000	-0.007513
2.847000	-0.007498
2.848000	-0.007482
2.849000	-0.007466
2.850000	-0.007450
2.851000	-0.007435
2.852000	-0.007419
2.853000	-0.007404
2.854000	-0.007388
2.855000	-0.007373
2.856000	-0.007357
2.857000	-0.007342
2.858000	-0.007326
2.859000	-0.007311
2.860000	-0.007296
2.861000	-0.007280
2.862000	-0.007265
2.863000	-0.007250
2.864000	-0.007235
2.865000	-0.007220
2.866000	-0.007205
2.867000	-0.007190
2.868000	-0.007175
2.869000	-0.007160
2.870000	-0.007145
2.871000	-0.007130
2.872000	-0.007115
2.873000	-0.007100
2.874000	-0.007085
2.875000	-0.007071
2.876000	-0.007056
2.877000	-0.007041
2.878000	-0.007027
2.879000	-0.007012
2.880000	-0.006998
2.881000	-0.006983
2.882000	-0.006968
2.883000	-0.006954
2.884000	-0.006940
2.885000	-0.006925
2.886000	-0.006911
2.887000	-0.006896
2.888000	-0.006882
2.889000	-0.006868
2.890000	-0.006854
2.891000	-0.006840
2.892000	-0.006825
2.893000	-0.006811
2.894000	-0.006797
2.895000	-0.006783
2.896000	-0.006769
2.897000	-0.006755
2.898000	-0.006741
2.899000	-0.006727
2.900000	-0.006713
2.901000	-0.006700
2.902000	-0.006686
2.903000	-0.006672
2.904000	-0.006658
2.905000	-0.006644
2.906000	-0.006631
2.907000	-0.006617
2.908000	-0.006604
2.909000	-0.006590
2.910000	-0.006576
2.911000	-0.006563
2.912000	-0.006549
2.913000	-0.006536
2.914000	-0.006522
2.915000	-0.006509
2.916000	-0.006496
2.917000	-0.006482
2.918000	-0.006469
2.919000	-0.006456
2.920000	-0.006443
2.921000	-0.006429
2.922000	-0.006416
2.923000	-0.006403
2.924000	-0.006390
2.925000	-0.006377
2.926000	-0.006364
2.927000	-0.006351
2.928000	-0.006338
2.929000	-0.006325
2.930000	-0.006312
2.931000	-0.006299
2.932000	-0.006286
2.933000	-0.006273
2.934000	-0.006261
2.935000	-0.006248
2.936000	-0.006235
2.937000	-0.006222
2.938000	-0.006210
2.939000	-0.006197
2.940000	-0.006184
2.941000	-0.006172
2.942000	-0.006159
2.943000	-0.006147
2.944000	-0.006134
2.945000	-0.006122
2.946000	-0.006109
2.947000	-0.006097
2.948000	-0.006085
2.949000	-0.006072
2.950000	-0.006060
2.951000	-0.006048
2.952000	-0.006035
2.953000	-0.006023
2.954000	-0.006011
2.955000	-0.005999
2.956000	-0.005987
2.957000	-0.005975
2.958000	-0.005962
2.959000	-0.005950
2.960000	-0.005938
2.961000	-0.005926
2.962000	-0.005914
2.963000	-0.005902
2.964000	-0.005890
2.965000	-0.005879
2.966000	-0.005867
2.967000	-0.005855
2.968000	-0.005843
2.969000	-0.005831
2.970000	-0.005820
2.971000	-0.005808
2.972000	-0.005796
2.973000	-0.005784
2.974000	-0.005773
2.975000	-0.005761
2.976000	-0.005750
2.977000	-0.005738
2.978000	-0.005726
2.979000	-0.005715
2.980000	-0.005704
2.981000	-0.005692
2.982000	-0.005681
2.983000	-0.005669
2.984000	-0.005658
2.985000	-0.005647
2.986000	-0.005635
2.987000	-0.005624
2.988000	-0.005613
2.989000	-0.005601
2.990000	-0.005590
2.991000	-0.005579
2.992000	-0.005568
2.993000	-0.005557
2.994000	-0.005546
2.995000	-0.005534
2.996000	-0.005523
2.997000	-0.005512
2.998000	-0.005501
2.999000	-0.005490
3.000000	-0.005479
3.001000	-0.005469
3.002000	-0.005458
3.003000	-0.005447
3.004000	-0.005436
3.005000	-0.005425
3.006000	-0.005414
3.007000	-0.005403
3.008000	-0.005393
3.009000	-0.005382
3.010000	-0.005371
3.011000	-0.005361
3.012000	-0.005350
3.013000	-0.005339
3.014000	-0.005329
3.015000	-0.005318
3.016000	-0.005308
3.017000	-0.005297
3.018000	-0.005287
3.019000	-0.005276
3.020000	-0.005266
3.021000	-0.005255
3.022000	-0.005245
3.023000	-0.005234
3.024000	-0.005224
3.025000	-0.005214
3.026000	-0.005203
3.027000	-0.005193
3.028000	-0.005183
3.029000	-0.005173
3.030000	-0.005162
3.031000	-0.005152
3.032000	-0.005142
3.033000	-0.005132
3.034000	-0.005122
3.035000	-0.005112
3.036000	-0.005101
3.037000	-0.005091
3.038000	-0.005081
3.039000	-0.005071
3.040000	-0.005061
3.041000	-0.005051
3.042000	-0.005041
3.043000	-0.005032
3.044000	-0.005022
3.045000	-0.005012
3.046000	-0.005002
3.047000	-0.004992
3.048000	-0.004982
3.049000	-0.004972
3.050000	-0.004963
3.051000	-0.004953
3.052000	-0.004943
3.053000	-0.004934
3.054000	-0.004924
3.055000	-0.004914
3.056000	-0.004905
3.057000	-0.004895
3.058000	-0.004885
3.059000	-0.004876
3.060000	-0.004866
3.061000	-0.004857
3.062000	-0.004847
3.063000	-0.004838
3.064000	-0.004828
3.065000	-0.004819
3.066000	-0.004810
3.067000	-0.004800
3.068000	-0.004791
3.069000	-0.004781
3.070000	-0.004772
3.071000	-0.004763
3.072000	-0.004754
3.073000	-0.004744
3.074000	-0.004735
3.075000	-0.004726
3.076000	-0.004717
3.077000	-0.004707
3.078000	-0.004698
3.079000	-0.004689
3.080000	-0.004680
3.081000	-0.004671
3.082000	-0.004662
3.083000	-0.004653
3.084000	-0.004644
3.085000	-0.004635
3.086000	-0.004626
3.087000	-0.004617
3.088000	-0.004608
3.089000	-0.004599
3.090000	-0.004590
3.091000	-0.004581
3.092000	-0.004572
3.093000	-0.004563
3.094000	-0.004555
3.095000	-0.004546
3.096000	-0.004537
3.097000	-0.004528
3.098000	-0.004519
3.099000	-0.004511
3.100000	-0.004502
3.101000	-0.004493
3.102000	-0.004485
3.103000	-0.004476
3.104000	-0.004467
3.105000	-0.004459
3.106000	-0.004450
3.107000	-0.004441
3.108000	-0.004433
3.109000	-0.004424
3.110000	-0.004416
3.111000	-0.004407
3.112000	-0.004399
3.113000	-0.004390
3.114000	-0.004382
3.115000	-0.004374
3.116000	-0.004365
3.117000	-0.004357
3.118000	-0.004348
3.119000	-0.004340
3.120000	-0.004332
3.121000	-0.004323
3.122000	-0.004315
3.123000	-0.004307
3.124000	-0.004299
3.125000	-0.004290
3.126000	-0.004282
3.127000	-0.004274
3.128000	-0.004266
3.129000	-0.004258
3.130000	-0.004249
3.131000	-0.004241
3.132000	-0.004233
3.133000	-0.004225
3.134000	-0.004217
3.135000	-0.004209
3.136000	-0.004201
3.137000	-0.004193
3.138000	-0.004185
3.139000	-0.004177
3.140000	-0.004169
3.141000	-0.004161
3.142000	-0.004153
3.143000	-0.004145
3.144000	-0.004137
3.145000	-0.004129
3.146000	-0.004122
3.147000	-0.004114
3.148000	-0.004106
3.149000	-0.004098
3.150000	-0.004090
3.151000	-0.004082
3.152000	-0.004075
3.153000	-0.004067
3.154000	-0.004059
3.155000	-0.004052
3.156000	-0.004044
3.157000	-0.004036
3.158000	-0.004029
3.159000	-0.004021
3.160000	-0.004013
3.161000	-0.004006
3.162000	-0.003998
3.163000	-0.003991
3.164000	-0.003983
3.165000	-0.003975
3.166000	-0.003968
3.167000	-0.003960
3.168000	-0.003953
3.169000	-0.003945
3.170000	-0.003938
3.171000	-0.003931
3.172000	-0.003923
3.173000	-0.003916
3.174000	-0.003908
3.175000	-0.003901
3.176000	-0.003894
3.177000	-0.003886
3.178000	-0.003879
3.179000	-0.003872
3.180000	-0.003864
3.181000	-0.003857
3.182000	-0.003850
3.183000	-0.003843
3.184000	-0.003835
3.185000	-0.003828
3.186000	-0.003821
3.187000	-0.003814
3.188000	-0.003807
3.189000	-0.003799
3.190000	-0.003792
3.191000	-0.003785
3.192000	-0.003778
3.193000	-0.003771
3.194000	-0.003764
3.195000	-0.003757
3.196000	-0.003750
3.197000	-0.003743
3.198000	-0.003736
3.199000	-0.003729
3.200000	-0.003722
3.201000	-0.003715
3.202000	-0.003708
3.203000	-0.003701
3.204000	-0.003694
3.205000	-0.003687
3.206000	-0.003680
3.207000	-0.003673
3.208000	-0.003667
3.209000	-0.003660
3.210000	-0.003653
3.211000	-0.003646
3.212000	-0.003639
3.213000	-0.003632
3.214000	-0.003626
3.215000	-0.003619
3.216000	-0.003612
3.217000	-0.003605
3.218000	-0.003599
3.219000	-0.003592
3.220000	-0.003585
3.221000	-0.003579
3.222000	-0.003572
3.223000	-0.003565
3.224000	-0.003559
3.225000	-0.003552
3.226000	-0.003546
3.227000	-0.003539
3.228000	-0.003532
3.229000	-0.003526
3.230000	-0.003519
3.231000	-0.003513
3.232000	-0.003506
3.233000	-0.003500
3.234000	-0.003493
3.235000	-0.003487
3.236000	-0.003480
3.237000	-0.003474
3.238000	-0.003468
3.239000	-0.003461
3.240000	-0.003455
3.241000	-0.003448
3.242000	-0.003442
3.243000	-0.003436
3.244000	-0.003429
3.245000	-0.003423
3.246000	-0.003417
3.247000	-0.003410
3.248000	-0.003404
3.249000	-0.003398
3.250000	-0.003391
3.251000	-0.003385
3.252000	-0.003379
3.253000	-0.003373
3.254000	-0.003367
3.255000	-0.003360
3.256000	-0.003354
3.257000	-0.003348
3.258000	-0.003342
3.259000	-0.003336
3.260000	-0.003330
3.261000	-0.003323
3.262000	-0.003317
3.263000	-0.003311
3.264000	-0.003305
3.265000	-0.003299
3.266000	-0.003293
3.267000	-0.003287
3.268000	-0.003281
3.269000	-0.003275
3.270000	-0.003269
3.271000	-0.003263
3.272000	-0.003257
3.273000	-0.003251
3.274000	-0.003245
3.275000	-0.003239
3.276000	-0.003233
3.277000	-0.003227
3.278000	-0.003221
3.279000	-0.003216
3.280000	-0.003210
3.281000	-0.003204
3.282000	-0.003198
3.283000	-0.003192
3.284000	-0.003186
3.285000	-0.003181
3.286000	-0.003175
3.287000	-0.003169
3.288000	-0.003163
3.289000	-0.003157
3.290000	-0.003152
3.291000	-0.003146
3.292000	-0.003140
3.293000	-0.003135
3.294000	-0.003129
3.295000	-0.003123
3.296000	-0.003117
3.297000	-0.003112
3.298000	-0.003106
3.299000	-0.003100
3.300000	-0.003095
3.301000	-0.003089
3.302000	-0.003084
3.303000	-0.003078
3.304000	-0.003072
3.305000	-0.003067
3.306000	-0.003061
3.307000	-0.003056
3.308000	-0.003050
3.309000	-0.003045
3.310000	-0.003039
3.311000	-0.003034
3.312000	-0.003028
3.313000	-0.003023
3.314000	-0.003017
3.315000	-0.003012
3.316000	-0.003006
3.317000	-0.003001
3.318000	-0.002996
3.319000	-0.002990
3.320000	-0.002985
3.321000	-0.002979
3.322000	-0.002974
3.323000	-0.002969
3.324000	-0.002963
3.325000	-0.002958
3.326000	-0.002953
3.327000	-0.002947
3.328000	-0.002942
3.329000	-0.002937
3.330000	-0.002931
3.331000	-0.002926
3.332000	-0.002921
3.333000	-0.002916
3.334000	-0.002910
3.335000	-0.002905
3.336000	-0.002900
3.337000	-0.002895
3.338000	-0.002890
3.339000	-0.002884
3.340000	-0.002879
3.341000	-0.002874
3.342000	-0.002869
3.343000	-0.002864
3.344000	-0.002859
3.345000	-0.002853
3.346000	-0.002848
3.347000	-0.002843
3.348000	-0.002838
3.349000	-0.002833
3.350000	-0.002828
3.351000	-0.002823
3.352000	-0.002818
3.353000	-0.002813
3.354000	-0.002808
3.355000	-0.002803
3.356000	-0.002798
3.357000	-0.002793
3.358000	-0.002788
3.359000	-0.002783
3.360000	-0.002778
3.361000	-0.002773
3.362000	-0.002768
3.363000	-0.002763
3.364000	-0.002758
3.365000	-0.002753
3.366000	-0.002748
3.367000	-0.002743
3.368000	-0.002739
3.369000	-0.002734
3.370000	-0.002729
3.371000	-0.002724
3.372000	-0.002719
3.373000	-0.002714
3.374000	-0.002710
3.375000	-0.002705
3.376000	-0.002700
3.377000	-0.002695
3.378000	-0.002690
3.379000	-0.002686
3.380000	-0.002681
3.381000	-0.002676
3.382000	-0.002671
3.383000	-0.002667
3.384000	-0.002662
3.385000	-0.002657
3.386000	-0.002652
3.387000	-0.002648
3.388000	-0.002643
3.389000	-0.002638
3.390000	-0.002634
3.391000	-0.002629
3.392000	-0.002624
3.393000	-0.002620
3.394000	-0.002615
3.395000	-0.002611
3.396000	-0.002606
3.397000	-0.002601
3.398000	-0.002597
3.399000	-0.002592
3.400000	-0.002588
3.401000	-0.002583
3.402000	-0.002579
3.403000	-0.002574
3.404000	-0.002569
3.405000	-0.002565
3.406000	-0.002560
3.407000	-0.002556
3.408000	-0.002551
3.409000	-0.002547
3.410000	-0.002542
3.411000	-0.002538
3.412000	-0.002534
3.413000	-0.002529
3.414000	-0.002525
3.415000	-0.002520
3.416000	-0.002516
3.417000	-0.002511
3.418000	-0.002507
3.419000	-0.002503
3.420000	-0.002498
3.421000	-0.002494
3.422000	-0.002489
3.423000	-0.002485
3.424000	-0.002481
3.425000	-0.002476
3.426000	-0.002472
3.427000	-0.002468
3.428000	-0.002463
3.429000	-0.002459
3.430000	-0.002455
3.431000	-0.002451
3.432000	-0.002446
3.433000	-0.002442
3.434000	-0.002438
3.435000	-0.002434
3.436000	-0.002429
3.437000	-0.002425
3.438000	-0.002421
3.439000	-0.002417
3.440000	-0.002412
3.441000	-0.002408
3.442000	-0.002404
3.443000	-0.002400
3.444000	-0.002396
3.445000	-0.002391
3.446000	-0.002387
3.447000	-0.002383
3.448000	-0.002379
3.449000	-0.002375
3.450000	-0.002371
3.451000	-0.002367
3.452000	-0.002363
3.453000	-0.002358
3.454000	-0.002354
3.455000	-0.002350
3.456000	-0.002346
3.457000	-0.002342
3.458000	-0.002338
3.459000	-0.002334
3.460000	-0.002330
3.461000	-0.002326
3.462000	-0.002322
3.463000	-0.002318
3.464000	-0.002314
3.465000	-0.002310
3.466000	-0.002306
3.467000	-0.002302
3.468000	-0.002298
3.469000	-0.002294
3.470000	-0.002290
3.471000	-0.002286
3.472000	-0.002282
3.473000	-0.002278
3.474000	-0.002274
3.475000	-0.002270
3.476000	-0.002266
3.477000	-0.002262
3.478000	-0.002259
3.479000	-0.002255
3.480000	-0.002251
3.481000	-0.002247
3.482000	-0.002243
3.483000	-0.002239
3.484000	-0.002235
3.485000	-0.002232
3.486000	-0.002228
3.487000	-0.002224
3.488000	-0.002220
3.489000	-0.002216
3.490000	-0.002212
3.491000	-0.002209
3.492000	-0.002205
3.493000	-0.002201
3.494000	-0.002197
3.495000	-0.002194
3.496000	-0.002190
3.497000	-0.002186
3.498000	-0.002182
3.499000	-0.002179
3.500000	-0.002175
